#CCD ID   filter  a       aerr    b       berr    k       kerr
1        g    -25.38  0.02    -0.11   0.01    0.20    0.02
2        g    -25.33  0.01    -0.10   0.01    0.20    0.02
3        g    -25.32  0.02    -0.11   0.00    0.20    0.02
4        g    -25.27  0.02    -0.11   0.01    0.20    0.02
5        g    -25.27  0.02    -0.11   0.01    0.20    0.02
6        g    -25.50  0.02    -0.12   0.00    0.20    0.02
7        g    -25.30  0.02    -0.11   0.01    0.20    0.02
8        g    -25.52  0.02    -0.09   0.01    0.20    0.02
9        g    -25.48  0.02    -0.09   0.01    0.20    0.02
10       g    -25.32  0.02    -0.11   0.00    0.20    0.02
11       g    -25.33  0.02    -0.12   0.01    0.20    0.02
12       g    -25.31  0.02    -0.11   0.01    0.20    0.02
13       g    -25.36  0.02    -0.10   0.01    0.20    0.02
14       g    -25.43  0.02    -0.11   0.01    0.20    0.02
15       g    -25.47  0.02    -0.10   0.00    0.20    0.02
16       g    -25.36  0.02    -0.11   0.00    0.20    0.02
17       g    -25.50  0.02    -0.10   0.01    0.20    0.02
18       g    -25.37  0.02    -0.10   0.01    0.20    0.02
19       g    -25.51  0.02    -0.12   0.02    0.20    0.02
20       g    -25.50  0.02    -0.10   0.01    0.20    0.02
21       g    -25.52  0.02    -0.09   0.01    0.20    0.02
22       g    -25.50  0.02    -0.11   0.01    0.20    0.02
23       g    -25.39  0.01    -0.09   0.01    0.20    0.02
24       g    -25.37  0.02    -0.11   0.01    0.20    0.02
25       g    -25.40  0.02    -0.10   0.01    0.20    0.02
26       g    -25.52  0.02    -0.11   0.01    0.20    0.02
27       g    -25.42  0.02    -0.12   0.01    0.20    0.02
28       g    -25.42  0.01    -0.12   0.00    0.20    0.02
29       g    -25.45  0.01    -0.10   0.01    0.20    0.02
30       g    -25.39  0.02    -0.10   0.01    0.20    0.02
31       g    -25.36  0.02    -0.11   0.01    0.20    0.02
32       g    -25.42  0.02    -0.10   0.01    0.20    0.02
33       g    -25.38  0.02    -0.10   0.00    0.20    0.02
34       g    -25.48  0.02    -0.12   0.01    0.20    0.02
35       g    -25.45  0.02    -0.10   0.01    0.20    0.02
36       g    -25.39  0.02    -0.10   0.00    0.20    0.02
37       g    -25.38  0.02    -0.11   0.01    0.20    0.02
38       g    -25.21  0.02    -0.11   0.01    0.20    0.02
39       g    -25.35  0.02    -0.11   0.01    0.20    0.02
40       g    -25.39  0.02    -0.11   0.01    0.20    0.02
41       g    -25.51  0.02    -0.12   0.01    0.20    0.02
42       g    -25.51  0.02    -0.11   0.00    0.20    0.02
43       g    -25.50  0.02    -0.10   0.01    0.20    0.02
44       g    -25.51  0.02    -0.10   0.00    0.20    0.02
45       g    -25.37  0.02    -0.12   0.01    0.20    0.02
46       g    -25.39  0.02    -0.12   0.01    0.20    0.02
47       g    -25.44  0.02    -0.10   0.01    0.20    0.02
48       g    -25.39  0.02    -0.11   0.00    0.20    0.02
49       g    -25.49  0.02    -0.12   0.01    0.20    0.02
50       g    -25.48  0.01    -0.10   0.00    0.20    0.02
51       g    -25.50  0.02    -0.10   0.01    0.20    0.02
52       g    -25.49  0.02    -0.12   0.01    0.20    0.02
53       g    -25.48  0.02    -0.12   0.01    0.20    0.02
54       g    -25.51  0.02    -0.12   0.01    0.20    0.02
55       g    -25.44  0.02    -0.12   0.01    0.20    0.02
56       g    -25.37  0.02    -0.12   0.00    0.20    0.02
57       g    -25.49  0.01    -0.11   0.01    0.20    0.02
58       g    -25.27  0.01    -0.12   0.01    0.20    0.02
59       g    -25.40  0.02    -0.11   0.01    0.20    0.02
60       g    -25.35  0.01    -0.11   0.01    0.20    0.02
61       g    -25.39  0.02    -0.11   0.01    0.20    0.02
62       g    -25.58  0.02    -0.09   0.00    0.20    0.02