#CCD ID	filter a   aerr	b berr	 k    kerr
1   z	-25.09 0.02	-0.08	 0.01 0.07	0.02
2   z	-24.99 0.02	-0.11	 0.01 0.07	0.02
3   z	-25.02 0.02	-0.11	 0.01 0.07	0.02
4   z	-24.98 0.02	-0.11	 0.01 0.07	0.02
5   z	-24.98 0.02	-0.13	 0.03 0.07	0.02
6   z	-25.11 0.02	-0.09	 0.01 0.07	0.02
7   z	-25.01 0.02	-0.10	 0.00 0.07	0.02
8   z	-25.13 0.02	-0.10	 0.01 0.07	0.02
9   z	-25.08 0.02	-0.09	 0.01 0.07	0.02
10  z	-25.02 0.02	-0.10	 0.01 0.07	0.02
11  z	-25.02 0.02	-0.11	 0.01 0.07	0.02
12  z	-25.00 0.02	-0.11	 0.01 0.07	0.02
13  z	-25.02 0.02	-0.09	 0.01 0.07	0.02
14  z	-25.06 0.02	-0.09	 0.01 0.07	0.02
15  z	-25.08 0.02	-0.09	 0.01 0.07	0.02
16  z	-25.05 0.02	-0.10	 0.01 0.07	0.02
17  z	-25.06 0.02	-0.10	 0.01 0.07	0.02
18  z	-25.04 0.02	-0.10	 0.01 0.07	0.02
19  z	-25.07 0.02	-0.09	 0.01 0.07	0.02
20  z	-25.09 0.02	-0.09	 0.01 0.07	0.02
21  z	-25.10 0.02	-0.08	 0.01 0.07	0.02
22  z	-25.09 0.02	-0.08	 0.02 0.07	0.02
23  z	-25.04 0.02	-0.09	 0.01 0.07	0.02
24  z	-25.03 0.02	-0.08	 0.00 0.07	0.02
25  z	-25.06 0.02	-0.07	 0.01 0.07	0.02
26  z	-25.10 0.02	-0.08	 0.01 0.07	0.02
27  z	-25.07 0.02	-0.09	 0.01 0.07	0.02
28  z	-25.04 0.02	-0.09	 0.01 0.07	0.02
29  z	-25.09 0.02	-0.07	 0.02 0.07	0.02
30  z	-25.05 0.02	-0.10	 0.02 0.07	0.02
31  z	-25.07 0.02	-0.09	 0.01 0.07	0.02
32  z	-25.07 0.02	-0.08	 0.01 0.07	0.02
33  z	-25.05 0.02	-0.08	 0.01 0.07	0.02
34  z	-25.07 0.02	-0.09	 0.01 0.07	0.02
35  z	-25.08 0.02	-0.09	 0.01 0.07	0.02
36  z	-25.04 0.02	-0.07	 0.01 0.07	0.02
37  z	-25.05 0.02	-0.09	 0.01 0.07	0.02
38  z	-24.93 0.02	-0.08	 0.01 0.07	0.02
39  z	-25.05 0.02	-0.07	 0.01 0.07	0.02
40  z	-25.09 0.02	-0.08	 0.00 0.07	0.02
41  z	-25.10 0.02	-0.08	 0.01 0.07	0.02
42  z	-25.07 0.02	-0.08	 0.01 0.07	0.02
43  z	-25.11 0.02	-0.07	 0.01 0.07	0.02
44  z	-25.13 0.02	-0.07	 0.01 0.07	0.02
45  z	-25.06 0.02	-0.07	 0.00 0.07	0.02
46  z	-25.03 0.02	-0.10	 0.02 0.07	0.02
47  z	-25.07 0.02	-0.08	 0.01 0.07	0.02
48  z	-25.03 0.02	-0.07	 0.01 0.07	0.02
49  z	-25.08 0.02	-0.08	 0.01 0.07	0.02
50  z	-25.10 0.02	-0.08	 0.01 0.07	0.02
51  z	-25.09 0.02	-0.06	 0.01 0.07	0.02
52  z	-25.08 0.02	-0.07	 0.01 0.07	0.02
53  z	-25.07 0.02	-0.06	 0.01 0.07	0.02
54  z	-25.10 0.02	-0.05	 0.01 0.07	0.02
55  z	-25.10 0.02	-0.06	 0.01 0.07	0.02
56  z	-25.06 0.02	-0.05	 0.01 0.07	0.02
57  z	-25.13 0.02	-0.07	 0.01 0.07	0.02
58  z	-24.94 0.02	-0.07	 0.01 0.07	0.02
59  z	-25.05 0.02	-0.07	 0.01 0.07	0.02
60  z	-25.08 0.02	-0.09	 0.01 0.07	0.02
61  z	-24.98 0.07	-0.23	 0.15 0.07	0.02
62  z	-25.14 0.02	-0.10	 0.01 0.07	0.02
