#CCD ID	filter a   aerr	b berr	k    kerr
1   Y	-23.95 0.01	0.25	0.03 0.07	0.01
2   Y	-23.84 0.01	0.26	0.01 0.07	0.01
3   Y	-23.87 0.01	0.25	0.03 0.07	0.01
4   Y	-23.86 0.01	0.24	0.02 0.07	0.01
5   Y	-23.85 0.01	0.24	0.02 0.07	0.01
6   Y	-23.96 0.01	0.25	0.03 0.07	0.01
7   Y	-23.86 0.01	0.25	0.02 0.07	0.01
8   Y	-24.03 0.01	0.25	0.02 0.07	0.01
9   Y	-23.97 0.01	0.24	0.03 0.07	0.01
10  Y	-23.89 0.01	0.27	0.01 0.07	0.01
11  Y	-23.90 0.01	0.26	0.01 0.07	0.01
12  Y	-23.94 0.01	0.24	0.01 0.07	0.01
13  Y	-23.91 0.01	0.24	0.02 0.07	0.01
14  Y	-23.95 0.01	0.22	0.03 0.07	0.01
15  Y	-23.97 0.01	0.25	0.03 0.07	0.01
16  Y	-23.94 0.01	0.24	0.02 0.07	0.01
17  Y	-23.97 0.01	0.23	0.02 0.07	0.01
18  Y	-23.95 0.01	0.25	0.03 0.07	0.01
19  Y	-23.97 0.01	0.21	0.04 0.07	0.01
20  Y	-23.98 0.01	0.21	0.01 0.07	0.01
21  Y	-24.00 0.01	0.23	0.02 0.07	0.01
22  Y	-23.97 0.01	0.22	0.05 0.07	0.01
23  Y	-23.92 0.01	0.27	0.03 0.07	0.01
24  Y	-23.94 0.01	0.24	0.03 0.07	0.01
25  Y	-23.92 0.01	0.25	0.02 0.07	0.01
26  Y	-23.98 0.01	0.25	0.03 0.07	0.01
27  Y	-23.95 0.01	0.25	0.02 0.07	0.01
28  Y	-23.94 0.01	0.25	0.01 0.07	0.01
29  Y	-23.98 0.01	0.26	0.01 0.07	0.01
30  Y	-23.93 0.01	0.26	0.03 0.07	0.01
31  Y	-23.96 0.01	0.30	0.04 0.07	0.01
32  Y	-23.96 0.01	0.27	0.03 0.07	0.01
33  Y	-23.97 0.01	0.27	0.03 0.07	0.01
34  Y	-23.96 0.01	0.24	0.02 0.07	0.01
35  Y	-24.01 0.01	0.24	0.07 0.07	0.01
36  Y	-23.95 0.01	0.29	0.02 0.07	0.01
37  Y	-23.94 0.01	0.26	0.02 0.07	0.01
38  Y	-23.80 0.01	0.28	0.02 0.07	0.01
39  Y	-23.94 0.01	0.29	0.02 0.07	0.01
40  Y	-23.99 0.01	0.25	0.02 0.07	0.01
41  Y	-23.99 0.01	0.28	0.03 0.07	0.01
42  Y	-23.97 0.01	0.25	0.02 0.07	0.01
43  Y	-24.02 0.01	0.25	0.01 0.07	0.01
44  Y	-24.04 0.01	0.25	0.03 0.07	0.01
45  Y	-23.92 0.01	0.26	0.03 0.07	0.01
46  Y	-23.91 0.01	0.24	0.02 0.07	0.01
47  Y	-23.97 0.01	0.29	0.02 0.07	0.01
48  Y	-23.91 0.01	0.26	0.02 0.07	0.01
49  Y	-23.97 0.01	0.25	0.02 0.07	0.01
50  Y	-23.97 0.01	0.27	0.02 0.07	0.01
51  Y	-23.98 0.01	0.25	0.03 0.07	0.01
52  Y	-23.96 0.01	0.27	0.02 0.07	0.01
53  Y	-23.96 0.01	0.25	0.02 0.07	0.01
54  Y	-23.97 0.01	0.24	0.02 0.07	0.01
55  Y	-23.95 0.01	0.29	0.02 0.07	0.01
56  Y	-23.97 0.01	0.29	0.03 0.07	0.01
57  Y	-24.02 0.01	0.25	0.02 0.07	0.01
58  Y	-23.85 0.01	0.26	0.02 0.07	0.01
59  Y	-23.92 0.01	0.28	0.02 0.07	0.01
60  Y	-23.98 0.01	0.27	0.02 0.07	0.01
61  Y	-23.91 0.03	0.11	0.18 0.07	0.01
62  Y	-24.04 0.01	0.27	0.01 0.07	0.01
